2 0.36805625000000003 0 0.3638890625 0.013125000000000001 0.3791671875 0.027500000000000004 0.3791671875 0.04 0.3861109375 0.05 0.40694375000000005 0.046875 0.4236109375 0.05125 0.43194375 0.08 0.4638890625 0.08 0.4888890625 0.09125 0.5111109375 0.109375 0.527778125 0.11687499999999999 0.527778125 0.123125 0.5388890625 0.129375 0.547221875 0.130625 0.6 0.114375 0.6236109375 0.113125 0.6583328125000001 0.100625 0.672221875 0.08125 0.6888890625 0.0725 0.6930562499999999 0.06625 0.6930562499999999 0.056874999999999995 0.6833328125 0.049375 0.68055625 0.0325 0.6736109375 0.016875 0.6638890625 0.0097921875 0.6625 0 0.36805625000000003 0
3 0.8125 0 0.790278125 0.005 0.784721875 0.014374999999999999 0.7736109375 0.021249999999999998 0.7583328125000001 0.052500000000000005 0.7541671875 0.091875 0.8 0.04875 0.825 0.015 0.8513890625 0 0.8125 0
3 0.6861109375 0.22000000000000003 0.6888890625 0.2225 0.7236109374999999 0.215 0.7291671875 0.19624999999999998 0.7472218749999999 0.18375 0.7527781250000001 0.17124999999999999 0.7611109375 0.16999999999999998 0.7708328125 0.141875 0.76944375 0.105625 0.7583328125000001 0.09875 0.6986109375 0.11625 0.6888890625 0.123125 0.6861109375 0.144375 0.6986109375 0.16999999999999998 0.70694375 0.175 0.69444375 0.185 0.697221875 0.20375000000000001 0.6902781250000001 0.2125 0.69444375 0.216875 0.6861109375 0.22000000000000003
3 0.590278125 0.250625 0.5986109374999999 0.25187499999999996 0.60694375 0.24625 0.6458328125 0.24375 0.665278125 0.24 0.6708328125 0.234375 0.68055625 0.23374999999999999 0.6902781250000001 0.22312500000000002 0.68055625 0.22000000000000003 0.66944375 0.221875 0.5027781250000001 0.258125 0.45694375000000004 0.280625 0.44305625 0.28375 0.43055625 0.291875 0.43055625 0.29874999999999996 0.43888906250000004 0.29874999999999996 0.45555625 0.29375 0.4611109375 0.286875 0.5055562499999999 0.2725 0.51805625 0.273125 0.5666671875 0.254375 0.590278125 0.250625
3 0.75 0.359559375 0.7712421875000001 0.36764687500000004 0.789215625 0.378309375 0.7916671875 0.39375 0.8022875 0.401103125 0.83415 0.399265625 0.83194375 0.385 0.8096406249999999 0.3672796875 0.77859375 0.349265625 0.7810453125000001 0.34007343749999996 0.7924828125000001 0.3294125 0.7973859375 0.3018375 0.8055562500000001 0.27904375 0.79901875 0.25845625 0.7810453125000001 0.27279375 0.775 0.29312499999999997 0.7524515625 0.325 0.722221875 0.30404375 0.6911765625 0.2955875 0.6611109374999999 0.28125 0.65 0.286875 0.6416671875 0.286875 0.647221875 0.289375 0.647221875 0.29500000000000004 0.6375 0.3025 0.6361109375 0.31124999999999997 0.6541671874999999 0.32125 0.6763890625 0.325625 0.7075171874999999 0.344484375 0.75 0.359559375
3 0.9069437499999999 0.4425 0.8875 0.43125 0.8861109375 0.425 0.8263890625 0.41 0.8263890625 0.41875 0.8375 0.42625 0.8388890625000001 0.43499999999999994 0.85 0.436875 0.8625 0.446875 0.9055562500000001 0.458125 0.909721875 0.45499999999999996 0.9069437499999999 0.4425
3 0.852778125 0.52125 0.852778125 0.5131249999999999 0.840278125 0.505 0.840278125 0.49625 0.8430562500000001 0.489375 0.8541671875000001 0.48250000000000004 0.85555625 0.46312499999999995 0.8486109374999999 0.46312499999999995 0.83194375 0.47062499999999996 0.7583328125000001 0.5287499999999999 0.7361109375 0.538125 0.715278125 0.540625 0.70555625 0.545 0.70694375 0.54875 0.7527781250000001 0.54125 0.8097218749999999 0.526875 0.852778125 0.52125
3 0.475 0.610625 0.4625 0.59875 0.3986109375 0.56375 0.36805625000000003 0.541875 0.3541671875 0.53625 0.34305625 0.535625 0.3375 0.536875 0.35555625 0.5525 0.46527812500000004 0.63 0.4888890625 0.640625 0.49305625 0.6381249999999999 0.4888890625 0.626875 0.4763890625 0.61875 0.475 0.610625
3 0.6388890625 0.6575 0.54444375 0.659375 0.54444375 0.6625 0.61805625 0.685625 0.652778125 0.686875 0.6666671875 0.6793750000000001 0.6611109374999999 0.66625 0.652778125 0.660625 0.6416671875 0.6599999999999999 0.6388890625 0.6575
3 0.575 0.844375 0.5833328125 0.8418749999999999 0.5875 0.834375 0.5833328125 0.8318749999999999 0.5888890625000001 0.829375 0.590278125 0.8225 0.6041671875 0.81375 0.572221875 0.811875 0.522221875 0.8143750000000001 0.4583328125 0.8087500000000001 0.45277812500000003 0.81125 0.4513890625 0.8143750000000001 0.49583281250000005 0.8237500000000001 0.527778125 0.8412499999999999 0.5236109375 0.853125 0.5333328125000001 0.860625 0.5611109375 0.8574999999999999 0.572221875 0.853125 0.575 0.844375
3 0 0.834375 0.0125 0.8375 0.0458328125 0.835625 0.059721875 0.838125 0.0875 0.8324999999999999 0.10277812500000001 0.835625 0.1083328125 0.8318749999999999 0.1208328125 0.8300000000000001 0.134721875 0.8318749999999999 0.16944375 0.8306250000000001 0.16944375 0.8275 0.20277812499999998 0.8175000000000001 0.197221875 0.8099999999999999 0.18611093750000002 0.8087500000000001 0.165278125 0.8081250000000001 0.147221875 0.8106249999999999 0.10277812500000001 0.809375 0.08333281249999999 0.8125 0.08055625 0.8099999999999999 0.054167187500000005 0.8099999999999999 0.04444375 0.80625 0.0041671875 0.80625 0 0.8106249999999999 0 0.834375
3 0.3333328125 0.4525 0.352778125 0.44000000000000006 0.34444375 0.43499999999999994 0.36805625000000003 0.428125 0.3708328125 0.42374999999999996 0.3708328125 0.39187500000000003 0.3611109375 0.37625000000000003 0.340278125 0.3825 0.3166671875 0.4 0.31944374999999997 0.42437500000000006 0.31111093749999996 0.43937499999999996 0.2958328125 0.4525 0.297221875 0.45499999999999996 0.302778125 0.45375 0.322221875 0.4575 0.325 0.453125 0.3333328125 0.4525
3 0.35555625 0.3775 0.36944374999999996 0.351875 0.4138890625 0.308125 0.4125 0.305 0.40555624999999995 0.30625 0.3861109375 0.3225 0.3611109375 0.3525 0.35555625 0.3775