1 0.48624999999999996 0.490278125 0.49124999999999996 0.490278125 0.4925 0.5013890625 0.50125 0.5125 0.5 0.5388890625 0.5175 0.6222218749999999 0.5081249999999999 0.640278125 0.49124999999999996 0.63194375 0.48875 0.6333328125000001 0.48875 0.640278125 0.49375 0.65 0.51375 0.6513890625000001 0.525625 0.6611109374999999 0.5325 0.6513890625000001 0.55375 0.6416671875 0.568125 0.6263890625 0.5743750000000001 0.6041671875 0.5806250000000001 0.5611109375 0.578125 0.51944375 0.5856250000000001 0.5055562499999999 0.57375 0.4861109375 0.5756249999999999 0.48055624999999996 0.5743750000000001 0.46944375000000005 0.55625 0.434721875 0.5193749999999999 0.43055625 0.506875 0.42222187499999997 0.49375 0.3875 0.48125 0.375 0.478125 0.3638890625 0.45999999999999996 0.3486109375 0.45875000000000005 0.3291671875 0.45562500000000006 0.33055625 0.45437500000000003 0.340278125 0.448125 0.352778125 0.44875 0.3791671875 0.45 0.3861109375 0.45625 0.390278125 0.46125 0.43055625 0.4575 0.440278125 0.4625 0.4583328125 0.476875 0.47222187499999996 0.48624999999999996 0.490278125
1 0.89125 0 0.89125 0.00694375 0.8925000000000001 0.015278125 0.89875 0.0166671875 0.89875 0.047221875 0.911875 0.0875 0.936875 0.10277812500000001 0.9875 0.11527812500000001 0.9984375 0.1111109375 0.9984375 0 0.89125 0
1 0.7787499999999999 0.0013890625 0.798125 0.0361109375 0.8456250000000001 0.054167187500000005 0.8637499999999999 0.0486109375 0.8731249999999999 0.0361109375 0.875625 0.0208328125 0.874375 0 0.7787499999999999 0.0013890625
1 0.5656765625 0.0013890625 0.5781765625 0.029167187500000004 0.6094265625 0.051389062500000006 0.6350515624999999 0.015278125 0.6513015625 0.019443750000000003 0.6719265625 0.0166671875 0.6744265625 0 0.5656765625 0.0013890625
1 0.898125 0.15694375 0.8868750000000001 0.1583328125 0.881875 0.1736109375 0.881875 0.1833328125 0.891875 0.18888906249999998 0.91625 0.19027812500000002 0.92875 0.1736109375 0.9243750000000001 0.1611109375 0.9081250000000001 0.165278125 0.898125 0.15694375
1 0.694375 0 0.723125 0.03055625 0.739375 0.0166671875 0.74375 0.00694375 0.74375 0 0.694375 0
1 0.869375 0.090278125 0.884375 0.11805625 0.8925000000000001 0.11527812500000001 0.8975 0.0986109375 0.881875 0.0791671875 0.8731249999999999 0.077778125 0.8699999999999999 0.08333281249999999 0.869375 0.090278125
1 0.7212500000000001 0.090278125 0.724375 0.0986109375 0.73 0.10138906249999999 0.7325 0.097221875 0.7318749999999999 0.054167187500000005 0.7262500000000001 0.047221875 0.72 0.051389062500000006 0.7212500000000001 0.090278125
1 0.8412499999999999 0.42222187499999997 0.844375 0.4583328125 0.849375 0.4625 0.85125 0.47777812500000005 0.8612500000000001 0.4875 0.885 0.4763890625 0.8868750000000001 0.47083281250000003 0.88375 0.4611109375 0.8868750000000001 0.41805624999999996 0.885 0.40416718749999997 0.889375 0.384721875 0.8793749999999999 0.365278125 0.8825 0.352778125 0.878125 0.3486109375 0.8768750000000001 0.3388890625 0.8618750000000001 0.340278125 0.85625 0.33194375 0.845 0.33055625 0.8418749999999999 0.34305625 0.8324999999999999 0.3375 0.8324999999999999 0.3458328125 0.829375 0.3486109375 0.8331250000000001 0.3625 0.8324999999999999 0.37638906250000004 0.8412499999999999 0.37777812499999996 0.8418749999999999 0.3958328125 0.8375 0.4125 0.8412499999999999 0.42222187499999997
2 0.9737500000000001 0.6583328125000001 0.9887499999999999 0.675 0.9984375 0.672221875 0.9984375 0.58055625 0.983125 0.6013890625 0.9737500000000001 0.6416671875 0.9737500000000001 0.6583328125000001
1 0.36875 0.40555624999999995 0.37687499999999996 0.41527812500000005 0.40062499999999995 0.40555624999999995 0.42125 0.4111109375 0.42312500000000003 0.3958328125 0.43375 0.38055625000000004 0.43375 0.359721875 0.426875 0.3416671875 0.42874999999999996 0.325 0.42062499999999997 0.31388906250000004 0.421875 0.3 0.41375 0.290278125 0.40812499999999996 0.290278125 0.405625 0.302778125 0.3975 0.30555625000000003 0.39249999999999996 0.3013890625 0.39375 0.3125 0.39125 0.3236109375 0.38625 0.325 0.38687499999999997 0.3333328125 0.375 0.35 0.3725 0.3513890625 0.36625 0.340278125 0.355 0.3388890625 0.351875 0.340278125 0.349375 0.3513890625 0.335 0.3541671875 0.3325 0.359721875 0.313125 0.31805625000000004 0.3125 0.30972187500000004 0.30874999999999997 0.30694374999999996 0.30874999999999997 0.29444375 0.2975 0.2916671875 0.290625 0.3013890625 0.28875 0.30972187500000004 0.29125 0.31527812499999996 0.2875 0.3291671875 0.274375 0.3263890625 0.263125 0.3625 0.26187499999999997 0.375 0.265 0.3875 0.33875 0.48194375 0.343125 0.47777812500000005 0.34500000000000003 0.38055625000000004 0.36375 0.37638906250000004 0.36875 0.3888890625 0.36875 0.40555624999999995
1 0.30062500000000003 0 0.299375 0.0041671875 0.3025 0.013889062499999999 0.3025 0.025 0.29874999999999996 0.029167187500000004 0.299375 0.0375 0.315625 0.0375 0.3275 0.047221875 0.32437499999999997 0.0888890625 0.31625000000000003 0.0861109375 0.30375 0.0916671875 0.305625 0.0986109375 0.311875 0.1 0.32125 0.11944375 0.33125 0.11944375 0.34500000000000003 0.1291671875 0.361875 0.1236109375 0.42374999999999996 0.1416671875 0.4175 0.1333328125 0.41875 0.1166671875 0.43125 0.10555624999999999 0.43375 0.0958328125 0.43187499999999995 0.0875 0.425 0.0861109375 0.41937499999999994 0.0708328125 0.40062499999999995 0.0708328125 0.398125 0.06388906250000001 0.38625 0.0625 0.375 0.047221875 0.3775 0.03194375 0.38875000000000004 0.0166671875 0.393125 0 0.30062500000000003 0
1 0.6125 0.584721875 0.59875 0.5875 0.598125 0.609721875 0.603125 0.6194437500000001 0.6056250000000001 0.6041671875 0.615 0.602778125 0.619375 0.5958328125000001 0.635 0.5958328125000001 0.6431250000000001 0.602778125 0.641875 0.6138890625 0.64625 0.6222218749999999 0.6625 0.6125 0.67125 0.6291671875 0.67875 0.6263890625 0.68125 0.615278125 0.704375 0.63194375 0.7162499999999999 0.6263890625 0.7106250000000001 0.6083328125 0.71 0.5875 0.7056250000000001 0.5791671875 0.6993750000000001 0.5763890625 0.693125 0.5875 0.685625 0.5638890625 0.658125 0.547221875 0.65625 0.5388890625 0.649375 0.534721875 0.623125 0.497221875 0.614375 0.490278125 0.604375 0.497221875 0.594375 0.48472187499999997 0.5900000000000001 0.48472187499999997 0.590625 0.49583281250000005 0.595 0.5 0.593125 0.5236109375 0.595625 0.5416671875 0.615 0.540278125 0.619375 0.5486109375 0.619375 0.575 0.6125 0.584721875
1 0.75875 0.29444375 0.755625 0.2833328125 0.745 0.2958328125 0.721875 0.3 0.705 0.2791671875 0.69875 0.277778125 0.6956249999999999 0.29444375 0.68875 0.30972187500000004 0.6900000000000001 0.3208328125 0.68625 0.3291671875 0.67 0.334721875 0.673125 0.3486109375 0.6793750000000001 0.35694375 0.6837500000000001 0.3833328125 0.6975 0.40694375000000005 0.74125 0.3986109375 0.75125 0.3875 0.759375 0.365278125 0.75875 0.29444375
1 0.925 0.6611109374999999 0.9349999999999999 0.6486109375 0.9662499999999999 0.6638890625 0.9868750000000001 0.6625 0.9862500000000001 0.6291671875 0.9724999999999999 0.60694375 0.9737500000000001 0.5875 0.9712500000000001 0.577778125 0.9625 0.5708328125000001 0.95375 0.5736109375 0.94625 0.5875 0.93875 0.5833328125 0.93875 0.5680562499999999 0.9337500000000001 0.5666671875 0.91875 0.575 0.914375 0.5833328125 0.8956250000000001 0.5861109375 0.869375 0.5986109374999999 0.8481249999999999 0.597221875 0.8387499999999999 0.6041671875 0.8300000000000001 0.5861109375 0.82125 0.5875 0.8162499999999999 0.5958328125000001 0.8150000000000001 0.602778125 0.82125 0.609721875 0.82125 0.6388890625 0.8331250000000001 0.64305625 0.8556250000000001 0.6666671875 0.85875 0.6625 0.9199999999999999 0.65694375 0.925 0.6611109374999999