2 0.43384000624999997 0 0.44610241406249995 0.0152816609375 0.44436275 0.0276600109375 0.44984719375 0.038529075 0.470912178125 0.0383338546875 0.4868082796875 0.0449859015625 0.491058771875 0.0746158125 0.52269319375 0.079061740625 0.5458841984375 0.0936815828125 0.5653672984375 0.11472287968749999 0.580828484375 0.1244695140625 0.5799586531250001 0.1306586890625 0.5900916281249999 0.1383942078125 0.5981693796875 0.140791746875 0.652695434375 0.1320451859375 0.6762505578125 0.1340933578125 0.7123741859375 0.12654735781249998 0.728824559375 0.1092938984375 0.7465473078125 0.1029486765625 0.751543771875 0.0973394625 0.7528485203125 0.0880556984375 0.744263509375 0.079275446875 0.7438625140624999 0.062178251562499995 0.739159371875 0.0457387125 0.730517846875 0.037371804687499996 0.7305051109375 0.027481595312500003 0.5349634015625 0 0.43384000624999997 0
3 0.8495369187499999 0.0587266953125 0.837577296875 0.0639884453125 0.8180986984375 0.09280801718750001 0.8084936718750001 0.1312200796875 0.8598822828125 0.0948934640625 0.8893360765624999 0.06495124375 0.91755591875 0.053769871875 0.8790453218750001 0.048357559375 0.8563438437500001 0.0502162125 0.8495369187499999 0.0587266953125
3 0.7610991046875 0.248894228125 0.7692107781249999 0.2310999828125 0.7888294218749999 0.2212343578125 0.7960712625 0.2096292875 0.8044969468750001 0.20955115625 0.818038453125 0.18305289062500002 0.8217079343749999 0.146962353125 0.8116619421875001 0.13860791562500002 0.750085746875 0.147625928125 0.7395016703125 0.1530809984375 0.7337931531249999 0.17373755468750002 0.7426051921875 0.2008528375 0.7501610453125 0.20696388125 0.7363909640624999 0.21512689843750002 0.73653255625 0.2340810640625 0.7284386171875 0.2417795265625 0.7319548203124999 0.24669169218749998 0.7232681875 0.24862657656249998 0.7256713421875001 0.2514888875 0.7610991046875 0.248894228125
3 0.6412181546875 0.2636031703125 0.680076684375 0.2665398125 0.69985465625 0.265532571875 0.706138134375 0.2607353765625 0.7158539265625 0.2614697 0.726959903125 0.252301125 0.7177675578125 0.2478535140625 0.706502253125 0.24816370625 0.5364135828125 0.2608655515625 0.48789386874999996 0.2767676703125 0.47370660625000005 0.2779294921875 0.4601974734375 0.28423575625 0.4592406578125 0.29104384843750003 0.4674923765625 0.292203553125 0.484693225 0.2895718359375 0.49115067031250004 0.28353680625 0.5371640578125 0.2754872953125 0.549455425 0.2778458765625 0.6002027796875 0.266043684375 0.6241058359375 0.2656161875 0.6321835890624999 0.268013725 0.6412181546875 0.2636031703125
3 0.803337059375 0.41974469531249997 0.80361584375 0.4353762453125 0.8131094437499999 0.44413587187500003 0.8449175906249999 0.44675065625 0.844718203125 0.4323168125 0.8250983218749999 0.4116649578125 0.796860665625 0.3895053171875 0.8005676749999999 0.3807437796875 0.8133775812499999 0.3717783859375 0.8220706874999999 0.3451541265625 0.8333337640625 0.3237192921875 0.8297251125 0.302422303125 0.8099311968749999 0.314118853125 0.8011151546875 0.3334108953125 0.7743500140624999 0.3618375546875 0.747331065625 0.336878090625 0.7177647671875 0.3241834640625 0.6899871328125 0.30580116875 0.678201478125 0.3098250828125 0.669949759375 0.30866537968749996 0.67510245625 0.3119141125 0.6743196078125 0.3174843703125 0.663648546875 0.3235583578125 0.6610552375000001 0.3320298828125 0.677544034375 0.3444455078125 0.698940765625 0.35187061875 0.7271412359375 0.374878653125 0.767112575 0.395719409375 0.7870224718750001 0.40668454218749994 0.803337059375 0.41974469531249997
3 0.892791315625 0.4794661515625 0.8357382453125 0.4563004515625 0.83452048125 0.464965296875 0.8444794890624999 0.47393865156250004 0.84463726875 0.4827968171875 0.8553791265624999 0.48619991406249996 0.8663657453125 0.4978422578125 0.907437278125 0.5149750453124999 0.9119972796875 0.5124602015625 0.9109858546874999 0.499695209375 0.8932970265625 0.48584864687499996 0.892791315625 0.4794661515625
3 0.836270696875 0.5523089015625 0.8374884609375 0.54364405625 0.8411963640625 0.537222603125 0.8531559859375 0.5319608546875 0.8572280093750001 0.5129677312500001 0.8503502875000001 0.5120011296875 0.83280150625 0.5171085171875001 0.751817509375 0.5644231859375 0.728507146875 0.5706142609375 0.7075291453125 0.5701905640625 0.6972930015625 0.5731699640625 0.6981450984375 0.5770765718749999 0.744577215625 0.5760284734375001 0.80296740625 0.5697184078124999 0.846387484375 0.5701404218749999 0.847518265625 0.56209449375 0.836270696875 0.5523089015625
3 0.3907253640625 0.549018959375 0.36351244375 0.5231044546875 0.350541396875 0.5156012125 0.3396255734375 0.5134359515625 0.33394943125 0.5139005062499999 0.34965537812499997 0.5318863890625 0.44752353281249996 0.6239024984375 0.46942597656249996 0.637710103125 0.47390054218750005 0.63581439375 0.47133960625000004 0.6240939171875 0.46009203750000005 0.614308325 0.4598472734375 0.606069078125 0.44912160312499994 0.59256998125 0.3907253640625 0.549018959375
3 0.5213955968749999 0.6671039359375001 0.591073328125 0.7002487640624999 0.6252833250000001 0.70631895 0.64008101875 0.7008249234374999 0.6364054890624999 0.687054375 0.62893661875 0.6803244140625 0.6180207953125 0.678159153125 0.615617640625 0.6752968421875 0.5218305140624999 0.6640093484375 0.5213955968749999 0.6671039359375001
3 0.54011245 0.84329853125 0.53633375 0.8402429015624999 0.542183859375 0.8385405109375 0.54451621875 0.8319257390624999 0.5594878796875 0.8251938765625001 0.5281144062500001 0.818891196875 0.47825307031250003 0.8144082109375 0.41576862031250006 0.7999463140625 0.4099200578125 0.8016489218749999 0.408109596875 0.8045501890625 0.4508160765625 0.8200193265625 0.48001496875000005 0.8417949468750001 0.47423565625 0.85297441875 0.48281912031249996 0.8617544531249999 0.5107618265625 0.8625258328125 0.522373515625 0.8597397546875 0.52634236875 0.8514615484375 0.53494201875 0.85014558125 0.54011245 0.84329853125
3 0 0.7688545875 0.0035427640625 0.7691508640625 0.0169487265625 0.7735595187500001 0.045239365625 0.771855228125 0.0599338890625 0.7770761203125 0.0659564171875 0.7741356781250001 0.07859571875 0.7740185890625 0.0920886640625 0.7778083265625 0.12664659375 0.7814028421875 0.127081509375 0.7783082546875 0.1614832078125 0.773044821875 0.1570248296875 0.76484453125 0.1461959890625 0.7620603515625 0.125652903125 0.7585420671875001 0.10742444375 0.75850479375 0.0635871828125 0.7510815843749999 0.043896195312500004 0.75146990625 0.0414945859375 0.7486078140625 0.015362340625000002 0.7449351656250001 0.0062554296874999995 0.7398684203125 0 0.7389892765625 0 0.7688545875
3 0.3550038640625 0.41398332968749996 0.379343384375 0.4104614625 0.3827018078125 0.4065154625 0.38713795 0.3749506671875 0.3796852671875 0.3581247046875 0.3581853671875 0.36141451406249997 0.3323686796875 0.37545819687500004 0.3317258765625 0.3999824046875 0.3213865625 0.41367672187500004 0.3044304765625 0.4245476859375 0.30545808750000003 0.4272166765625 0.31113423125 0.426752121875 0.32986685625 0.4331716734375 0.33322682656249997 0.42922589218749996 0.34156552812499996 0.429766678125 0.3625612640625 0.42009459062500004 0.3550038640625 0.41398332968749996
3 0.44143092656249994 0.2980079875 0.4404902984375 0.29472007968749997 0.4334401578125 0.2949915328125 0.4119225234375 0.3083771234375 0.382990628125 0.3346058390625 0.374010671875 0.3585894765625 0.3913293296875 0.3351466234375 0.44143092656249994 0.2980079875