1 0.371875 0.352778125 0.375 0.3375 0.366875 0.3291671875 0.365625 0.3208328125 0.3625 0.3236109375 0.353125 0.3166671875 0.349375 0.31805625000000004 0.349375 0.3263890625 0.340625 0.3208328125 0.33187500000000003 0.33055625 0.3325 0.340278125 0.33999999999999997 0.3583328125 0.344375 0.3583328125 0.349375 0.3458328125 0.35562499999999997 0.3416671875 0.365 0.3611109375 0.3675 0.359721875 0.371875 0.352778125
1 0.39 0.3638890625 0.390625 0.37222187500000004 0.3975 0.37777812499999996 0.406875 0.4013890625 0.41875 0.3916671875 0.41624999999999995 0.37638906250000004 0.41 0.36944374999999996 0.40812499999999996 0.3611109375 0.39 0.3638890625
1 0.328125 0.297221875 0.33625 0.2958328125 0.34125 0.2833328125 0.335625 0.2736109375 0.323125 0.277778125 0.323125 0.290278125 0.328125 0.297221875
1 0.3525 0.2833328125 0.346875 0.3013890625 0.348125 0.30555625000000003 0.354375 0.31111093749999996 0.36124999999999996 0.30972187500000004 0.356875 0.297221875 0.361875 0.290278125 0.36 0.284721875 0.3525 0.2833328125
1 0.410625 0.2666671875 0.42125 0.24305625000000003 0.38625 0.24305625000000003 0.37312500000000004 0.2291671875 0.3675 0.2291671875 0.35625 0.23888906250000003 0.343125 0.23888906250000003 0.33375 0.25694374999999997 0.3375 0.2541671875 0.34375 0.2638890625 0.35750000000000004 0.2666671875 0.365625 0.29444375 0.3725 0.3 0.38375 0.277778125 0.4 0.2763890625 0.410625 0.2666671875
1 0.5118750000000001 0.38055625000000004 0.5181250000000001 0.3979171875 0.5175 0.41527812500000005 0.5237499999999999 0.434721875 0.54 0.4583328125 0.54 0.46666718749999997 0.54375 0.46805624999999995 0.546875 0.48194375 0.55 0.48472187499999997 0.55 0.5138890625 0.546875 0.51805625 0.5475 0.5291671874999999 0.5387500000000001 0.5486109375 0.5393749999999999 0.5541671874999999 0.531875 0.5638890625 0.5296875 0.577778125 0.5175 0.5791671875 0.520625 0.597221875 0.5431250000000001 0.6013890625 0.5625 0.59444375 0.5875 0.6083328125 0.604375 0.60694375 0.6018749999999999 0.590278125 0.604375 0.577778125 0.61 0.5680562499999999 0.625625 0.5625 0.6425 0.5666671875 0.649375 0.54444375 0.65625 0.5361109374999999 0.659375 0.50694375 0.663125 0.5041671875 0.666875 0.49166718749999994 0.6575 0.490278125 0.655 0.47777812500000005 0.65 0.47222187499999996 0.645625 0.475 0.6381249999999999 0.4583328125 0.618125 0.4638890625 0.6125 0.45 0.61375 0.434721875 0.610625 0.43194375 0.5962500000000001 0.43333281250000005 0.595625 0.42083281250000004 0.593125 0.42222187499999997 0.589375 0.40972187499999996 0.595625 0.37638906250000004 0.5806250000000001 0.3638890625 0.58 0.3541671875 0.565625 0.3486109375 0.5625 0.3361109375 0.5506249999999999 0.3361109375 0.536875 0.35 0.528125 0.347221875 0.5231250000000001 0.3513890625 0.515625 0.3263890625 0.51875 0.31805625000000004 0.516875 0.31111093749999996 0.484375 0.2736109375 0.469375 0.277778125 0.46125 0.3083328125 0.4575 0.3388890625 0.45062499999999994 0.35694375 0.45187499999999997 0.365278125 0.473125 0.3861109375 0.48250000000000004 0.3875 0.4925 0.375 0.5025000000000001 0.3833328125 0.5118750000000001 0.38055625000000004
1 0.8800000000000001 0.5958328125000001 0.885 0.60694375 0.891875 0.6111109375 0.9043749999999999 0.60694375 0.9075 0.615278125 0.9237500000000001 0.6138890625 0.9393750000000001 0.6 0.9418749999999999 0.5958328125000001 0.9400000000000001 0.5875 0.9425000000000001 0.58055625 0.9525 0.5763890625 0.9650000000000001 0.5486109375 0.9650000000000001 0.4888890625 0.95625 0.4791671875 0.95 0.4791671875 0.9481249999999999 0.47222187499999996 0.9393750000000001 0.46527812500000004 0.9425000000000001 0.447221875 0.9400000000000001 0.44166718749999995 0.9237500000000001 0.43611093749999996 0.9091671874999999 0.447221875 0.87375 0.44166718749999995 0.86875 0.45 0.874375 0.45555625 0.8731249999999999 0.48472187499999997 0.865 0.49583281250000005 0.8800000000000001 0.5166671875 0.8768750000000001 0.5416671875 0.87375 0.5486109375 0.8775000000000001 0.5625 0.8800000000000001 0.5958328125000001
1 0.46375 0.5638890625 0.47000000000000003 0.56944375 0.48375 0.5638890625 0.48250000000000004 0.55555625 0.48687500000000006 0.5486109375 0.48687500000000006 0.5333328125000001 0.48187499999999994 0.5263890625000001 0.47874999999999995 0.49861093749999996 0.48187499999999994 0.49305625 0.47750000000000004 0.48194375 0.46687500000000004 0.47083281250000003 0.45999999999999996 0.47777812500000005 0.446875 0.4763890625 0.44375 0.49305625 0.43 0.525 0.42062499999999997 0.525 0.41500000000000004 0.53194375 0.415625 0.5569437500000001 0.43125 0.5736109375 0.45875000000000005 0.572221875 0.46375 0.5638890625
1 0.47874999999999995 0.7166671874999999 0.47375 0.7138890625000001 0.46624999999999994 0.69444375 0.45 0.7166671874999999 0.44749999999999995 0.7791671874999999 0.45187499999999997 0.797221875 0.46875 0.8 0.47375 0.79444375 0.48375 0.79444375 0.4875 0.7527781250000001 0.48375 0.727778125 0.47874999999999995 0.7166671874999999
1 0.5275000000000001 0.6847218749999999 0.528125 0.7041671875 0.531875 0.7125 0.54125 0.7125 0.54625 0.6986109375 0.5443749999999999 0.6736109375 0.53125 0.672221875 0.5275000000000001 0.6847218749999999
1 0.38 0.60694375 0.383125 0.6208328125 0.415625 0.6263890625 0.410625 0.590278125 0.40437500000000004 0.5791671875 0.39437500000000003 0.5680562499999999 0.38 0.5680562499999999 0.38 0.60694375
1 0.37875000000000003 0.48333281250000004 0.378125 0.4736109375 0.37374999999999997 0.47222187499999996 0.37124999999999997 0.4638890625 0.36 0.4625 0.353125 0.44305625 0.34562499999999996 0.4486109375 0.343125 0.434721875 0.334375 0.42916718749999994 0.333125 0.44583281250000006 0.33999999999999997 0.45555625 0.34500000000000003 0.4861109375 0.351875 0.50694375 0.36 0.51805625 0.385625 0.509721875 0.385 0.49166718749999994 0.37875000000000003 0.48333281250000004
1 0.22562500000000002 0.3361109375 0.21937500000000001 0.3333328125 0.21000000000000002 0.340278125 0.19875 0.33055625 0.184375 0.33194375 0.18875 0.37222187500000004 0.1925 0.38194374999999997 0.19875 0.37638906250000004 0.23125 0.3986109375 0.2425 0.3888890625 0.24375 0.37222187500000004 0.23374999999999999 0.3458328125 0.22562500000000002 0.3361109375
1 0.683125 0.28055625 0.66875 0.29444375 0.6625 0.3208328125 0.66125 0.3333328125 0.665625 0.34444375 0.686875 0.3458328125 0.6912499999999999 0.3291671875 0.7125 0.3041671875 0.714375 0.29444375 0.7125 0.2888890625 0.683125 0.28055625
1 0.7675 0.3875 0.76375 0.38055625000000004 0.76625 0.37222187500000004 0.75 0.359721875 0.7418750000000001 0.3611109375 0.734375 0.37222187500000004 0.7375 0.4138890625 0.734375 0.43055625 0.735 0.44444375 0.74125 0.45277812500000003 0.759375 0.45416718749999996 0.7625 0.43888906250000004 0.760625 0.40555624999999995 0.7675 0.3875
1 0.38937499999999997 0.7915796875 0.366875 0.78046875 0.349375 0.7888015625 0.34875 0.808246875 0.3525 0.8374124999999999 0.3525 0.8443578125 0.349375 0.8471359375 0.35875 0.861025 0.37625000000000003 0.8596359375 0.38937499999999997 0.8388015624999999 0.38937499999999997 0.7915796875
1 0.43875000000000003 0.8875 0.42374999999999996 0.88055625 0.418125 0.8958328124999999 0.415625 0.9194437499999999 0.41500000000000004 0.9347218749999999 0.42750000000000005 0.9708328125 0.426875 0.977778125 0.43125 0.984721875 0.45625 0.9833328124999999 0.45875000000000005 0.965278125 0.45 0.9166671875000001 0.43875000000000003 0.8875