1 0.49238662031249997 0.5004646890625 0.499717315625 0.5125591640625 0.495260615625 0.5385991890625 0.5024744578125 0.6234435656249999 0.490968834375 0.6402227015624999 0.47523532343749997 0.6298939046875 0.4725846734375 0.6309679390625 0.471738253125 0.6378614828125 0.475516184375 0.6481202390624999 0.49519782343749996 0.651936334375 0.5057995109375 0.6630329421875001 0.5138080640625 0.654221384375 0.53608446875 0.6471616984375 0.5522142546875 0.6337493265624999 0.5611258328125001 0.6124547734375 0.5725764843750001 0.5704811421875 0.5751730703125 0.5288198609375 0.584309628125 0.515949896875 0.5748929296874999 0.495202328125 0.5774309 0.48991755000000003 0.577544490625 0.47873554374999994 0.5637861234375 0.4420635984375 0.5276936453125 0.4334350921875 0.5163025234374999 0.42363947343749997 0.5075068875000001 0.38757687500000004 0.49662342812500004 0.37364668125 0.49487580312499996 0.3622377203125 0.4787478390625 0.3448645953125 0.4798767546875 0.3254134390625 0.47660576250000003 0.32641130625 0.47418028124999995 0.33590837812499996 0.4664535015625 0.347553521875 0.463857825 0.373822053125 0.46425227812500003 0.38086638281249996 0.4699478390625 0.3857641921875 0.4700019015625 0.42635143593749997 0.4650950546875 0.4355438359375 0.46785747187500004 0.45407329374999994 0.48043267187499994 0.46961069999999994 0.4875372890625 0.48867488750000004 0.4925000203125 0.489284234375 0.49238662031249997 0.5004646890625
1 1 0.0576373671875 0.949268353125 0.051408304687499996 0.9484221234374999 0.058300296875000004 0.9486471015625 0.0667248859375 0.95468123125 0.068865278125 0.95095755 0.099192215625 0.95907605 0.1407696484375 0.9820277687500001 0.1589806265625 1 0.1658326609375 1 0.0576373671875
1 0.897382115625 0.09961145 0.9160491515625001 0.096305496875 0.9268776390625 0.0850411953125 0.9312209390625 0.0701816234375 0.9325191374999999 0.049351759375 0.8374376265624999 0.0390767125 0.8524366765625 0.07590099375 0.897382115625 0.09961145
1 0.663282834375 0.068068684375 0.6931176453125001 0.0353498140625 0.7087388578125 0.041464765625 0.7295485 0.0412224546875 0.7340610843750001 0.024984175 0.6259524062499999 0.0131095921875 0.63497393125 0.0422040296875 0.663282834375 0.068068684375
1 0.9188053828125 0.22258264687499998 0.9176205843749999 0.23223205781249998 0.926868909375 0.2389655859375 0.9508929374999999 0.243314859375 0.9653309828125 0.22829527343749997 0.9625119609375 0.2153552671875 0.9458752328125 0.21751101718750002 0.9369654765625001 0.208020071875 0.9256300484375 0.20802774999999998 0.9188053828125 0.22258264687499998
1 0.7964941875 0.0494423515625 0.802021565625 0.04032456875 0.802867796875 0.0334325765625 0.7538608296875 0.027415278124999998 0.7786726609375 0.061247509374999995 0.7964941875 0.0494423515625
1 0.9364601671875 0.16597950156250002 0.9434541171875 0.1500458953125 0.9303151796875 0.1288428671875 0.9217996859375001 0.1263978015625 0.9180210328125 0.13153024375 0.9165542703125 0.13834761874999998 0.9280571609375 0.16774672968749998 0.9364601671875 0.16597950156250002
1 0.7768640687499999 0.132390196875 0.7798532859375 0.12855874375 0.784479990625 0.0857488109375 0.7797433390624999 0.07816975312499999 0.7730320734375 0.0815441953125 0.7695333718749999 0.120295721875 0.7716195640625 0.1289472640625 0.7768640687499999 0.132390196875
1 0.8513409125000001 0.505357621875 0.8513400015625001 0.5207503703125 0.8600806640625 0.5316184734375 0.8850077171875 0.5234847515625 0.887545878125 0.518198421875 0.8856289703125 0.508168171875 0.8939777234375 0.4658152484375 0.8938093500000001 0.45180120781250005 0.9005215265625001 0.433034015625 0.8929656625 0.412516503125 0.8975907359375 0.40049051875 0.8937562 0.39582121406250004 0.8937003156250001 0.3860194671875 0.8786428390625 0.3855701359375 0.8740754718750001 0.37661236875 0.8630784203124999 0.37386418125 0.858453346875 0.3858901671875 0.8498253640625 0.3792328078125 0.84880985 0.3875035078125 0.845369575 0.389880084375 0.8473989718749999 0.4041226296875 0.8450859796874999 0.41783199687500006 0.8536014734374999 0.4202770625 0.8520215015625 0.438273340625 0.84564789375 0.454283115625 0.84818514375 0.46438953437499997 0.846886034375 0.5006121484375 0.8513409125000001 0.505357621875
2 0.97373365625 0.7316824093750001 0.9849048859374999 0.6407000468749999 0.967167640625 0.65951145 0.9529538515624999 0.6983468234375 0.9509228234375 0.7148882249999999 0.963779796875 0.73325921875 0.97373365625 0.7316824093750001
1 0.4128755234375 0.394149453125 0.43266984218750004 0.4021762921875 0.43639280156250004 0.387240553125 0.44880034843749994 0.373372721875 0.4513394203125 0.3526936421875 0.446715978125 0.33393568125 0.45060822187499994 0.3176212328125 0.44389786718749996 0.3056029265625 0.4468312 0.2919697265625 0.43995156093750004 0.28133012968750004 0.43436848906250003 0.28064461406249996 0.43036375781249997 0.29274676718750003 0.4219607515625 0.294513996875 0.4175058734375 0.2897685234375 0.4173924734375 0.300948978125 0.41355702499999997 0.3116724234375 0.40842501093749994 0.3124417859375 0.4080298375 0.3207886546875 0.3942121328125 0.335884409375 0.3915614828125 0.33695844531249997 0.3867121515625 0.3251686421875 0.3757152921875 0.3224189046875 0.37244430156249997 0.323416771875 0.36860885312499997 0.334140215625 0.354002434375 0.33514576093750004 0.35084412187499997 0.340354371875 0.336691303125 0.296638096875 0.3370866671875 0.288289678125 0.3337031875 0.28507525 0.335226553125 0.2726684234375 0.3243987875 0.2685415265625 0.31639023437499997 0.277353084375 0.3135136953125 0.28539528125 0.315317925 0.2912147890625 0.309903225 0.3045433140625 0.297214625 0.3001863609375 0.281647665625 0.33465710312499997 0.27888361562499997 0.34691159374999997 0.28046195625000003 0.3596992625 0.3421524359375 0.46242690625 0.3470024875 0.4588255109375 0.360711878125 0.3625568171875 0.3798299703125 0.3607057421875 0.383269334375 0.373721915625 0.381238115625 0.39026486875 0.3881177546875 0.40090446562500004 0.4128755234375 0.394149453125
1 0.36240909062500004 0 0.36186007343750004 0.0044713828125 0.3576301734375 0.0081504984375 0.357235 0.0164973671875 0.373363875 0.0184777453125 0.3839655609375 0.029574353125 0.37578590156249997 0.07055011718750001 0.3680600328125 0.0668025125 0.35497606875 0.0707939796875 0.3559908625 0.0779144765625 0.3620249921875 0.08005486875 0.368960515625 0.1004962140625 0.3788859765625 0.10171490624999999 0.3913484984375 0.11304157031249999 0.40877485 0.10958328125000001 0.467988140625 0.1350456078125 0.46280043125 0.1260116734375 0.46607214375000006 0.1096226078125 0.479833053125 0.10011785625 0.4834994078125 0.09077156875 0.48265389687500004 0.0822723640625 0.4759994265625 0.080055803125 0.472278290625 0.06420604375 0.45366805 0.06192099375 0.4520329140625 0.054724328125 0.4404157125 0.051898420312500006 0.431111503125 0.035363146875 0.43545480468750003 0.020503575 0.44848269375000005 0.0067119125 0.4511547546875 0 0.36240909062500004 0
1 0.5840218578124999 0.6208624546875 0.587799790625 0.6311212109375 0.5921429 0.616263190625 0.6016173046875 0.6160270062500001 0.606806115625 0.6096666421875 0.6223146484375001 0.61157085 0.629532665625 0.6194545828125 0.6269378999999999 0.6303303640625 0.630264775 0.6391342437499999 0.6475784484375 0.6314652109375001 0.6542320078125 0.6490745203125 0.662014671875 0.6472311234375 0.6658501203125 0.636507678125 0.686771721875 0.6558673078125 0.699235153125 0.6518012234375 0.6958525843750001 0.633194046875 0.6977711249999999 0.61244035 0.69444425 0.6036364703125 0.6885794046875 0.6001173703125 0.6810219078124999 0.6103838046875001 0.6764552609375001 0.586034840625 0.6511914609375 0.5661404796875 0.6503459515625 0.557641275 0.64403005 0.5526672968749999 0.6225458125000001 0.5122477453125 0.6147072640625 0.504289396875 0.6039355734375 0.5099626953125 0.595533478125 0.496337175 0.5911910890625001 0.495803996875 0.590457346875 0.5069082828125 0.594291884375 0.5115775874999999 0.5895534109375 0.534784028125 0.5898342734375001 0.5530103625 0.6092341390625 0.553992871875 0.6125610140625 0.5627967515625001 0.609344996875 0.5889891140625 0.6013364421875 0.597800671875 0.587350365625 0.5988823859375 0.5840218578124999 0.6208624546875
1 0.768055528125 0.3272126328125 0.7445950453125 0.32853052968749996 0.7303847109375 0.3057964578125 0.72435058125 0.30365606562499997 0.719217846875 0.31981662499999997 0.71053215625 0.3341430171875 0.71041875625 0.34532347343750003 0.705681003125 0.3531387140625 0.6888751828124999 0.356671621875 0.6902842375 0.3708379984375 0.6954721375 0.37987038281249996 0.696598509375 0.40659592343749995 0.70736856875 0.43170657187500006 0.751807978125 0.4287676546875 0.763087521875 0.41895823125 0.773860125 0.3978921828125 0.781872321875 0.327509628125 0.7801246984375 0.3161006671875 0.768055528125 0.3272126328125
1 0.942801590625 0.7194890390625 0.9634421390625001 0.7206238859375 0.9668840453125 0.6874633625000001 0.9559448921874999 0.663729871875 0.9595551718750001 0.6445833890625 0.9582586046875001 0.63462930625 0.950420246875 0.62666940625 0.9413969 0.6283604671874999 0.9322601531249999 0.6412319828124999 0.9253239093750001 0.6361818375 0.927185653125 0.62101914375 0.92239220625 0.6190310875 0.9064885 0.6254737484375 0.901130596875 0.633211271875 0.8821817875000001 0.6336836390625 0.8546040843749999 0.6428913953125 0.8336817625 0.6389229624999999 0.823530221875 0.64467398125 0.817045946875 0.6256859625 0.808191884375 0.6259983140625 0.8022136390625001 0.63365966875 0.8001265359374999 0.640400875 0.80548371875 0.6480545515625 0.8019291328125 0.67700433125 0.8132077656250001 0.6825876546874999 0.8326626046875001 0.7087646609375 0.8362721640625 0.7050093765625001 0.8977427515624999 0.7069590390625 0.9021976296875 0.7117045125 0.9136464578125001 0.700516378125 0.942801590625 0.7194890390625