1 0.24500000000000002 0.37638906250000004 0.246875 0.3791671875 0.26687500000000003 0.39305625 0.274375 0.37638906250000004 0.26749999999999996 0.347221875 0.25187499999999996 0.340278125 0.2475 0.352778125 0.24500000000000002 0.37638906250000004
1 0.1675 0.297221875 0.16999999999999998 0.31805625000000004 0.170625 0.3083328125 0.18562499999999998 0.3 0.200625 0.30555625000000003 0.20750000000000002 0.2986109375 0.21625 0.2986109375 0.228125 0.31944374999999997 0.24874999999999997 0.3013890625 0.255625 0.30555625000000003 0.258125 0.327778125 0.263125 0.327778125 0.26375000000000004 0.30972187500000004 0.26749999999999996 0.30972187500000004 0.27 0.2958328125 0.28250000000000003 0.2861109375 0.28250000000000003 0.25 0.28500000000000003 0.247221875 0.2875 0.22638906250000002 0.28312499999999996 0.2138890625 0.27749999999999997 0.2083328125 0.27625 0.18888906249999998 0.27 0.1736109375 0.25125000000000003 0.1708328125 0.23562500000000003 0.175 0.206875 0.1541671875 0.19437500000000002 0.10138906249999999 0.181875 0.08333281249999999 0.16499999999999998 0.07638906250000001 0.15625 0.0916671875 0.15875 0.11944375 0.15812500000000002 0.15277812500000001 0.16125 0.165278125 0.15875 0.1763890625 0.16125 0.2125 0.160625 0.23611093749999998 0.1525 0.284721875 0.1675 0.297221875
1 0.5337500000000001 0.25555625000000004 0.536875 0.24305625000000003 0.5349999999999999 0.227778125 0.525 0.2083328125 0.5231250000000001 0.19027812500000002 0.530625 0.1611109375 0.54625 0.15 0.5549999999999999 0.1166671875 0.561875 0.10694375 0.563125 0.0986109375 0.55625 0.08194375000000001 0.5431250000000001 0.0791671875 0.5337500000000001 0.06805625 0.526875 0.0486109375 0.52125 0.043056250000000004 0.51125 0.0388890625 0.48 0.040278125 0.44625000000000004 0.07638906250000001 0.43875000000000003 0.09444375 0.438125 0.109721875 0.426875 0.15555625 0.42750000000000005 0.1763890625 0.43062500000000004 0.18888906249999998 0.43875000000000003 0.20277812499999998 0.459375 0.277778125 0.4725 0.30694374999999996 0.48187499999999994 0.31111093749999996 0.49874999999999997 0.3083328125 0.5337500000000001 0.25555625000000004
1 0.6068749999999999 0.4 0.610625 0.40833281250000003 0.610625 0.434721875 0.61375 0.44444375 0.608125 0.47083281250000003 0.625625 0.475 0.635 0.4611109375 0.6375 0.44444375 0.66125 0.37638906250000004 0.6587500000000001 0.35694375 0.651875 0.3375 0.653125 0.31805625000000004 0.6575 0.30972187500000004 0.6637500000000001 0.30972187500000004 0.67375 0.322221875 0.6793750000000001 0.31388906250000004 0.6793750000000001 0.3041671875 0.678125 0.297221875 0.6725 0.29444375 0.6637500000000001 0.2770828125 0.663125 0.2666671875 0.6537499999999999 0.2666671875 0.64625 0.23611093749999998 0.64 0.227778125 0.61875 0.22638906250000002 0.615625 0.24444375 0.6174999999999999 0.25 0.614375 0.2583328125 0.61375 0.29444375 0.628125 0.30555625000000003 0.6287499999999999 0.3166671875 0.625 0.325 0.625 0.3388890625 0.615 0.352778125 0.6068749999999999 0.37638906250000004 0.6068749999999999 0.4
1 0.563125 0.9236109375 0.57625 0.925 0.5818749999999999 0.9125 0.5900000000000001 0.9069437499999999 0.589375 0.8986109375 0.5925 0.8958328124999999 0.58875 0.8819437499999999 0.5925 0.8638890625 0.59375 0.827778125 0.61625 0.8111109375 0.615 0.797221875 0.618125 0.78055625 0.615 0.74305625 0.604375 0.7138890625000001 0.595 0.709721875 0.591875 0.7444437500000001 0.58 0.7472218749999999 0.5756249999999999 0.7083328125 0.5650000000000001 0.69444375 0.56375 0.677778125 0.55 0.6708328125 0.54875 0.65694375 0.536875 0.65694375 0.5349999999999999 0.66944375 0.540625 0.6875 0.538125 0.7041671875 0.529375 0.715278125 0.5287499999999999 0.7236109374999999 0.516875 0.7472218749999999 0.510625 0.772221875 0.496875 0.8055562500000001 0.48562500000000003 0.8513890625 0.485 0.8666671875 0.488125 0.8763890625 0.490625 0.9069437499999999 0.5 0.9236109375 0.521875 0.9236109375 0.538125 0.909721875 0.5525 0.9305562500000001 0.563125 0.9236109375
1 0.321875 0.42916718749999994 0.29812500000000003 0.41944375 0.27937500000000004 0.434721875 0.275625 0.46666718749999997 0.270625 0.47777812500000005 0.2625 0.47777812500000005 0.255625 0.4888890625 0.255625 0.49861093749999996 0.275 0.5125 0.28250000000000003 0.5625 0.290625 0.5708328125000001 0.29812500000000003 0.5708328125000001 0.32437499999999997 0.4625 0.325625 0.44166718749999995 0.321875 0.42916718749999994
1 0.5806250000000001 0.44166718749999995 0.565625 0.43055625 0.5587500000000001 0.43333281250000005 0.54875 0.45 0.54875 0.48194375 0.556875 0.5027781250000001 0.561875 0.50694375 0.5818749999999999 0.48472187499999997 0.585 0.4763890625 0.585 0.4625 0.5806250000000001 0.44166718749999995
1 0.688125 0.7166671874999999 0.6956249999999999 0.715278125 0.69875 0.6513890625000001 0.693125 0.6208328125 0.6849999999999999 0.6 0.67 0.5833328125 0.655 0.577778125 0.639375 0.5833328125 0.63125 0.59444375 0.63125 0.6166671874999999 0.63375 0.6263890625 0.655625 0.6375 0.66875 0.65694375 0.6725 0.65555625 0.6756249999999999 0.665278125 0.6725 0.697221875 0.688125 0.7166671874999999
1 0.31875 0.2833328125 0.31 0.2625 0.294375 0.26805625 0.29375 0.284721875 0.306875 0.3236109375 0.308125 0.3611109375 0.333125 0.37638906250000004 0.33625 0.37222187500000004 0.346875 0.3375 0.343125 0.30694374999999996 0.31875 0.2833328125
1 0.333125 0.8625 0.338125 0.852778125 0.33875 0.8444437499999999 0.33375 0.8333328124999999 0.335 0.822221875 0.33187500000000003 0.802778125 0.334375 0.790278125 0.330625 0.7472218749999999 0.32 0.7583328125000001 0.315 0.7583328125000001 0.31 0.75 0.30625 0.7541671875 0.30375 0.7625 0.29625 0.7666671875 0.29625 0.7861109374999999 0.289375 0.79444375 0.285625 0.8444437499999999 0.286875 0.8569437499999999 0.28375 0.865278125 0.2925 0.884721875 0.308125 0.89444375 0.32875 0.8861109375 0.335 0.8763890625 0.333125 0.8625
1 0.7073953125 0.24019062500000002 0.7148953125 0.2346359375 0.7236453125 0.1999125 0.7248953124999999 0.158246875 0.7098953125 0.0999125 0.7023953125 0.1013015625 0.6961453125 0.111025 0.6936453124999999 0.108246875 0.6861453125 0.120746875 0.6711453125 0.1318578125 0.6705203125 0.1388015625 0.6792703125 0.1499125 0.6811453125 0.1638015625 0.6805203125 0.1790796875 0.6711453125 0.19296875 0.6811453125 0.208246875 0.6855203125 0.23741249999999997 0.7073953125 0.24019062500000002
1 0.20750000000000002 0.775 0.21749999999999997 0.775 0.22312500000000002 0.765278125 0.2425 0.759721875 0.2475 0.7513890625 0.2525 0.7541671875 0.25625 0.709721875 0.26187499999999997 0.6833328125 0.27625 0.6513890625000001 0.25187499999999996 0.584721875 0.24937499999999999 0.5583328125 0.2425 0.5388890625 0.21875 0.534721875 0.20812499999999998 0.5486109375 0.196875 0.5416671875 0.1925 0.5333328125000001 0.17124999999999999 0.5486109375 0.159375 0.5486109375 0.14937499999999998 0.5680562499999999 0.14750000000000002 0.5791671875 0.146875 0.5958328125000001 0.1575 0.6708328125 0.15875 0.7 0.165625 0.70694375 0.16999999999999998 0.725 0.18375 0.7458328125 0.18625 0.7555562499999999 0.20750000000000002 0.775
1 0.43937499999999996 0.825 0.43062500000000004 0.8305562500000001 0.42374999999999996 0.81805625 0.406875 0.81805625 0.40125 0.8333328124999999 0.399375 0.8569437499999999 0.40062499999999995 0.8722218749999999 0.40374999999999994 0.875 0.4325 0.884721875 0.434375 0.8791671875 0.43937499999999996 0.88055625 0.44375 0.8680562500000001 0.43937499999999996 0.825