1 0.4924213734375 0.5008625046875 0.5003749984375 0.512556746875 0.49728723593749996 0.53879433125 0.508931603125 0.6231448875 0.4983199 0.6405031859375 0.48206738437499996 0.631011971875 0.479476578125 0.632223259375 0.478992096875 0.6391516546875 0.483301753125 0.6491986296875 0.5031561390625 0.6519794375 0.5143240484375 0.6625059890625 0.5218604640625 0.6532873718750001 0.5437368640625 0.645071503125 0.5591425953125 0.6308333453125 0.566927490625 0.6091015796875 0.57616571875 0.566586190625 0.5765783640625 0.5248461109375 0.5850288375 0.5115156140625 0.5745392 0.4912893109375 0.576797109375 0.48587894687500005 0.576325321875 0.474706321875 0.56066655 0.43880469062499994 0.5241719546875 0.43207694375 0.5122837812500001 0.4228909140625 0.5016128281250001 0.387338065625 0.49001523281250003 0.373996559375 0.4876729046875 0.3626946984375 0.4706578046875 0.3461894546875 0.470767178125 0.3267058734375 0.46755289375000003 0.3278735625 0.465627775 0.3374845609375 0.45852104374999997 0.3495181328125 0.4573037140625 0.3758865109375 0.45806629687499995 0.38290054218749997 0.46401038437500003 0.38749355625000004 0.46618854374999996 0.4280223484375 0.461769515625 0.43745895468749996 0.46549790468749996 0.45581844374999997 0.47886903593749996 0.4706764234375 0.4869616578125 0.48934265625 0.491949478125 0.4896914375 0.4924213734375 0.5008625046875
1 1 0.033742456250000004 0.9251751718750001 0.028510195312499997 0.9246907999999999 0.03543703125 0.9253563781249999 0.0438382984375 0.9314942578125001 0.04565995625 0.9293628703125 0.0761402140625 0.9396462390625 0.11723577656249999 0.9635195921875 0.13422059687500001 1 0.1459821375 1 0.033742456250000004
1 0.8758828 0.0793627953125 0.8943512328125 0.075084415625 0.9045753515625 0.0632688328125 0.908135009375 0.048202315625 0.9083412781250001 0.027333054687500004 0.8128523203125001 0.0220482703125 0.8297580484375 0.058037096875000006 0.8758828 0.0793627953125
1 0.640453521875 0.0601150671875 0.6685350718749999 0.025879603125 0.6844549093750001 0.031168625 0.70522335 0.029837553125 0.7088799046875 0.01338535625 0.60029791875 0.007185018749999999 0.610829765625 0.035767434375000004 0.640453521875 0.0601150671875
1 0.9037125218750001 0.20104425781250002 0.9030343578125001 0.2107424515625 0.9126224140625 0.21698273124999998 0.9368411421875 0.2200687234375 0.9504733359375 0.20431409375 0.94698095 0.1915393578125 0.9304798453125 0.1945628515625 0.9210855812500001 0.1855512140625 0.909766090625 0.1861521328125 0.9037125218750001 0.20104425781250002
1 0.7725074875 0.034542517187499996 0.7775501031250001 0.025147950000000002 0.7780344734375 0.018221115625 0.7287797484375 0.014776889062500001 0.75532821875 0.0472642046875 0.7725074875 0.034542517187499996
1 0.9183807312500001 0.1435947046875 0.9245311953125 0.1273169 0.9103005843749999 0.10683056875000001 0.9016687953125 0.1048345203125 0.8981639328125001 0.11015768749999999 0.897055975 0.117042484375 0.91008173125 0.14579929062500002 0.9183807312500001 0.1435947046875
1 0.757245425 0.1184040484375 0.7600300234375 0.114421403125 0.7624098890625 0.071427996875 0.757283071875 0.064107221875 0.7507576078125 0.0678282796875 0.7492918000000001 0.10670980625 0.75182791875 0.115240309375 0.757245425 0.1184040484375
1 0.8511398078125 0.486962515625 0.8519444921874999 0.5023342171875 0.8612419687499999 0.512729975 0.885709175 0.5033028203125001 0.8879671921875 0.4978908984375 0.88552796875 0.48797471562499994 0.8916486984375 0.44524289687499996 0.89074711875 0.43125687343749997 0.8964678968750001 0.4121641140625 0.8878485843749999 0.3920701625 0.891837928125 0.37981860156249997 0.8877642734375 0.3753563796875 0.8871954828125 0.3655709921875 0.872135125 0.36591032343749996 0.8671052046875 0.3572038703125 0.8559793953125 0.355034990625 0.8519900515625001 0.3672865515625 0.8430254734375 0.36108986875000004 0.84244420625 0.36940238281250004 0.8391330265624999 0.3719557515625 0.8419050390624999 0.38607256875 0.8403127093749999 0.39988419999999997 0.8489444984375 0.4018802484375 0.8483085453125 0.41993455312499994 0.8427815578125 0.43625595625 0.845844259375 0.4462157359375 0.8464426765624999 0.48245669687500004 0.8511398078125 0.486962515625
2 0.985209740625 0.70657159375 0.9916040109375001 0.6151292609375 0.9748755890625 0.6348431796875 0.962713765625 0.6743692234374999 0.9615512296875 0.6909942515624999 0.9753520468750001 0.7086671859375 0.985209740625 0.70657159375
1 0.40745513593749993 0.3988542609375 0.42764241875 0.40583414375000004 0.43057860000000003 0.3907240296875 0.44224335625 0.3762258421875 0.44369668906250004 0.35544221875000004 0.4380978671875 0.3369519359375 0.44113094375 0.32045614218749996 0.43380079687500006 0.3088055 0.436016603125 0.295037465625 0.42858955937500004 0.2847725015625 0.4229782609375 0.2843801203125 0.41961239531250005 0.29667527968749996 0.4113133953125 0.29887986718750004 0.40661626249999994 0.29437404843750004 0.4070881578125 0.30554511562500003 0.4038191890625 0.31645459531250003 0.398734471875 0.3174914921875 0.3987766828125 0.32584760468749996 0.38576796406249997 0.3416458328125 0.3831771578125 0.34285712031250004 0.37771744375 0.331337271875 0.36659174375000003 0.32916683125 0.363377459375 0.330334521875 0.360108490625 0.34124400312500003 0.3455747140625 0.3430126109375 0.3426933296875 0.3483793765625 0.326271971875 0.3054637140625 0.32622987187499997 0.29710604375 0.3226827984375 0.2940731 0.3235547546875 0.2816035484375 0.3125258421875 0.27804898906250003 0.304989425 0.2872676078125 0.302537725 0.295449328125 0.3046440515625 0.301166434375 0.299934334375 0.3147600765625 0.28703509843749997 0.311073165625 0.27329353125 0.346311378125 0.2711746203125 0.3586937328125 0.2734200515625 0.3713812734375 0.3404023375 0.470739503125 0.345057259375 0.466889209375 0.353709546875 0.37003495625 0.37270456093750004 0.36718585312499996 0.376820425 0.38000418593749996 0.37565778125 0.3966307734375 0.38308482499999996 0.4068957375 0.40745513593749993 0.3988542609375
1 0.336571615625 0 0.336890484375 0.0012963 0.33611542499999997 0.012380171875 0.332083871875 0.016275621875 0.33212608125 0.024631734375 0.348336496875 0.0257652765625 0.35950440625 0.036291828124999995 0.3534804625 0.077639528125 0.345569046875 0.0743013984375 0.3327119125 0.0789721578125 0.3340979734375 0.0860297859375 0.340235853125 0.08785144375000001 0.3482316875 0.10790179687499998 0.358207328125 0.1085993609375 0.3712455609375 0.1192582640625 0.3884670390625 0.11489268906250001 0.448931775 0.1372211375 0.4432783765625 0.1284710859375 0.44568786562499996 0.11193325312499999 0.4589324765625 0.10172133750000001 0.462104659375 0.0921959765625 0.46081549375 0.08375266875000001 0.4540541375 0.081887415625 0.4495085875 0.0662541265625 0.4308042625 0.0649461921875 0.4287947234375 0.057844965625 0.417045546875 0.0556309296875 0.40688869843750003 0.0396052609375 0.41044835781250005 0.02453874375 0.42273659218750004 0.0100841546875 0.4261514328125 0 0.336571615625 0
1 0.5902321609375 0.6162994515625 0.5945418171875 0.626346428125 0.5981013671875 0.61128146875 0.6075504265625 0.6105497578125 0.61239925 0.603926546875 0.6279861875 0.6050164921875 0.635606915625 0.6125116578124999 0.6335849 0.6235083343750001 0.637367975 0.6321260328125 0.6542565546875 0.6235613828125001 0.6618225953125 0.6407983390624999 0.66949811875 0.6385501546875 0.6727670890625 0.6276406734375 0.694673221875 0.6458788203125 0.7069067703125 0.6411660218749999 0.7025550125 0.6227613765625 0.703384759375 0.6019357140625 0.6996016843749999 0.593318015625 0.6935607015625 0.5901106796875 0.686550865625 0.6007585734374999 0.6807161515625 0.576681978125 0.654445784375 0.5581370875 0.65315661875 0.5496937796875 0.6465890546875 0.5450571671875 0.623018865625 0.5058174078125 0.6147745515625 0.49828020312500004 0.604314540625 0.504509475 0.5952108546875 0.49134235937500004 0.5908465125 0.49103717500000005 0.5906949296875 0.50216464375 0.594768584375 0.506626865625 0.5912511359375 0.53004949375 0.59248550625 0.5482361515624999 0.6119102062499999 0.5482020046875 0.61569328125 0.5568197031250001 0.6138524734375 0.5831444828125 0.6063160562500001 0.5923631 0.5924057578124999 0.59417530625 0.5902321609375 0.6162994515625
1 0.7586451750000001 0.3134204890625 0.73528581875 0.3159644078125 0.7199051484375001 0.2940052015625 0.7137672687500001 0.2921835453125 0.709487346875 0.308590584375 0.7015633453125 0.3233519171875 0.702035240625 0.334522984375 0.6977129984375 0.3425754703125 0.6811151078125001 0.34698308437500003 0.6832636437499999 0.361056303125 0.6889171515625 0.3698047953125 0.6914406859375 0.396434759375 0.7035101765625 0.420947334375 0.7477348703125 0.415686665625 0.7584855703125 0.40530035781249996 0.7681408984375 0.3836993859375 0.7724585765625 0.3129939625 0.77011625 0.3016921015625 0.7586451750000001 0.3134204890625
1 0.953681915625 0.6960137921875 0.9743535703124999 0.696066840625 0.9760552718750001 0.662771628125 0.9638889953125 0.639643175 0.966492278125 0.620333984375 0.96467653125 0.6104613999999999 0.9564323265624999 0.6029226359375001 0.9475098484375 0.605083625 0.939059265625 0.61841568125 0.9318682234375 0.6137354703125 0.9329338625 0.598496121875 0.9280429390625 0.596761659375 0.9124982109375 0.6040278265625 0.9075526 0.6120351562499999 0.8886544828125 0.61349858125 0.8615964703125 0.6241370234375 0.8404951296875 0.6212690203125 0.8306584859375 0.6275434468750001 0.823189340625 0.6089208125 0.814363759375 0.609696121875 0.8087946718750001 0.6176598531249999 0.8070632359375001 0.6245010515625 0.8128136406250001 0.631863865625 0.8107790406250001 0.660960003125 0.822334425 0.665945396875 0.8431326 0.691068340625 0.8465406765625 0.68712929375 0.9080290578125 0.6858591625 0.912726190625 0.69036498125 0.9235737875 0.6785929953125 0.953681915625 0.6960137921875